crossing time (s)	slope (V/s)	crossing number
5656.599899	159.660189	4534
5657.647281	151.804703	4535
5658.641346	157.980095	4536
5659.679061	159.461419	4537
5660.675913	150.358552	4538
5661.688120	159.163936	4539
5662.709074	154.958570	4540
5663.749002	159.043082	4541
5664.734260	159.875408	4542
5665.771212	151.882248	4543
5666.775779	159.141885	4544
5667.803425	151.136193	4545
5668.825685	158.940222	4546
5669.836650	157.358839	4547
5670.835359	159.592560	4548
5671.868185	157.313865	4549
5672.891080	159.558301	4550
5673.906909	154.308290	4551
5674.904029	152.398988	4552
5675.985060	154.425526	4553
5676.950742	159.718780	4554
5677.966439	151.838690	4555
5678.981338	159.769769	4556
5680.012733	151.508877	4557
5681.033714	155.215503	4558
5682.021713	159.220968	4559
5683.037300	151.876106	4560
5684.075078	151.488335	4561
5685.095622	152.211939	4562
5686.096681	156.906692	4563
5687.120206	160.434680	4564
5688.137861	162.271573	4565
5689.159549	152.133762	4566
5690.152755	159.402485	4567
5691.189031	151.873298	4568
5692.225226	158.956203	4569
5693.218867	151.826922	4570
5694.242834	150.735458	4571
5695.253992	150.006029	4572
5696.290857	150.796071	4573
5697.291459	151.380966	4574
5698.308731	151.429147	4575
5699.299763	158.596419	4576
5700.331229	151.442755	4577
5701.332654	157.351872	4578
5702.361880	151.496459	4579
5703.385305	150.639986	4580
5704.413683	158.570507	4581
5705.428496	150.877772	4582
5706.460562	150.875038	4583
5707.467972	158.886175	4584
5708.511120	156.186643	4585
5709.504964	151.413214	4586
5710.518852	153.971419	4587
5711.528524	151.165282	4588
5712.554245	151.290113	4589
5713.551776	156.980105	4590
5714.605487	158.285387	4591
5715.609967	161.891558	4592
5716.621948	158.786841	4593
5717.615261	151.396068	4594
5718.655936	159.223736	4595
5719.687335	158.436691	4596
5720.687179	158.380541	4597
5721.712495	151.237353	4598
5722.721281	156.215463	4599
5723.741132	151.173804	4600
5724.790764	153.599040	4601
5725.784476	151.549575	4602
5726.778456	151.088277	4603
5727.816584	158.731311	4604
5728.841733	158.409622	4605
5729.858815	158.609587	4606
5730.878675	158.239988	4607
5731.881270	156.801195	4608
5732.885117	158.152146	4609
5733.886401	154.282341	4610
5734.915192	157.894724	4611
5735.932442	159.022178	4612
5736.963212	158.380731	4613
5737.986740	158.334097	4614
5738.992545	155.878516	4615
5740.008866	150.726622	4616
5741.043250	150.575338	4617
5742.055915	150.629270	4618
5743.062116	150.689472	4619
5744.059431	155.456076	4620
5745.092444	157.612157	4621
5746.127048	150.738718	4622
5747.162904	155.940755	4623
5748.154825	158.579556	4624
5749.170795	150.150045	4625
5750.190087	155.324803	4626
5751.203209	149.800292	4627
5752.219415	158.546438	4628
5753.258140	150.214079	4629
5754.243670	150.006670	4630
5755.265971	152.530589	4631
5756.305202	157.691181	4632
5757.313327	150.562171	4633
5758.323307	155.401480	4634
5759.328844	157.140734	4635
5760.358430	150.162762	4636
5761.372448	155.176501	4637
5762.399361	150.412050	4638
5763.421262	150.188845	4639
5764.445830	155.462369	4640
5765.451407	157.192606	4641
5766.465452	157.570342	4642
5767.452718	153.151102	4643
5768.506378	157.196290	4644
5769.531656	149.508065	4645
5770.502914	152.960298	4646
5771.535132	149.452722	4647
5772.558020	149.715571	4648
5773.583561	157.181202	4649
5774.616306	151.302643	4650
5775.622746	149.324734	4651
5776.606004	152.537230	4652
5777.654063	157.302428	4653
5778.668389	157.102274	4654
5779.698749	155.249864	4655
5780.699529	157.048717	4656
5781.723092	156.774517	4657
5782.748686	157.199499	4658
5783.773244	149.330766	4659
5784.768097	152.269640	4660
5785.774469	149.396930	4661
5786.808110	149.192778	4662
5787.807356	153.276559	4663
5788.849002	149.618484	4664
5789.859141	156.103741	4665
5790.898328	154.839750	4666
5791.903139	155.713653	4667
5792.901325	149.697610	4668
5793.933822	153.606559	4669
5794.947824	149.636457	4670
5795.968380	148.966207	4671
5796.974215	154.141558	4672
5797.994532	156.208198	4673
5799.004871	156.157963	4674
5800.029074	155.827279	4675
5801.027034	156.497722	4676
5802.078520	154.578573	4677
5803.096079	156.014734	4678
5804.076314	151.277192	4679
5805.103204	148.688693	4680
5806.121922	148.831022	4681
5807.166166	156.006696	4682
5808.164329	155.441620	4683
5809.168114	155.689897	4684
5810.210583	155.444697	4685
5811.208090	155.878709	4686
5812.230730	148.508297	4687
5813.274526	156.025103	4688
5814.254894	155.298026	4689
5815.282975	151.755087	4690
5816.296125	155.584133	4691
5817.329276	149.042887	4692
5818.350320	155.433076	4693
5819.353352	156.494253	4694
5820.373806	146.506724	4695
5821.384112	155.848733	4696
5822.383831	151.101250	4697
5823.418085	155.876149	4698
5824.435619	150.187499	4699
5825.449010	148.393822	4700
5826.481247	150.656021	4701
5827.486156	155.383866	4702
5828.524266	149.710590	4703
5829.534685	147.988990	4704
5830.537195	154.054038	4705
5831.558898	148.136723	4706
5832.585818	147.607511	4707
5833.591032	153.305479	4708
5834.625760	148.050846	4709
5835.609103	150.059657	4710
5836.634440	147.224086	4711
5837.666951	155.311307	4712
5838.689388	147.552585	4713
5839.693954	154.550623	4714
5840.708512	150.405642	4715
5841.728937	147.490973	4716
5842.757765	154.276819	4717
5843.755633	154.921037	4718
5844.775758	154.717566	4719
5845.794099	152.913718	4720
5846.822341	154.162676	4721
5847.817814	150.785407	4722
5848.860491	147.468065	4723
5849.873749	147.543567	4724
5850.881659	157.038050	4725
5851.886355	154.359521	4726
5852.931565	153.703812	4727
5853.919586	147.250991	4728
5854.958892	146.409658	4729
5855.959425	146.197372	4730
5857.000280	146.608413	4731
5857.992852	146.456749	4732
5859.029629	146.083145	4733
5860.047233	153.429514	4734
5861.084162	151.546992	4735
5862.060557	153.184798	4736
5863.108625	146.651746	4737
5864.111881	153.459277	4738
5865.114695	146.724927	4739
5866.132836	146.842312	4740
5867.165344	151.931294	4741
5868.170776	146.157995	4742
5869.186249	152.570620	4743
5870.204613	150.111773	4744
5871.225987	153.566498	4745
5872.243429	153.375523	4746
5873.275466	146.831417	4747
5874.273036	153.376493	4748
5875.293916	145.692170	4749
5876.309747	153.653118	4750
5877.313956	146.172830	4751
5878.360213	146.961525	4752
5879.363673	144.660962	4753
5880.389047	146.619316	4754
5881.392450	154.950000	4755
5882.402114	146.269836	4756
5883.416912	152.161689	4757
5884.445966	151.085169	4758
5885.466780	152.178728	4759
5886.477763	152.427052	4760
5887.499031	145.323759	4761
5888.517049	152.366521	4762
5889.546728	145.778401	4763
5890.536917	145.415930	4764
5891.583524	147.643329	4765
5892.592906	151.858792	4766
5893.597989	145.116545	4767
5894.601381	148.016316	4768
5895.652137	152.020687	4769
5896.661190	152.198828	4770
5897.643903	144.503559	4771
5898.690823	151.859923	4772
5899.698555	151.566913	4773
5900.735721	145.000784	4774
5901.759711	151.642981	4775
5902.766776	150.060785	4776
5903.775297	150.987503	4777
5904.819570	147.560332	4778
5905.791495	151.433698	4779
5906.817722	151.404998	4780
5907.816013	150.074642	4781
5908.867312	151.417876	4782
5909.886719	150.782950	4783
5910.898125	150.973397	4784
5911.886746	143.892990	4785
5912.945912	147.892373	4786
5913.942820	150.626047	4787
5914.949349	144.388373	4788
5915.976039	148.866082	4789
5916.984109	151.006841	4790
5917.997411	143.577654	4791
5919.022368	142.668114	4792
5920.057195	150.077729	4793
5921.045278	144.259497	4794
5922.081808	144.211948	4795
5923.096876	143.791352	4796
5924.119067	148.143128	4797
5925.147450	149.843159	4798
5926.144805	146.229771	4799
5927.143802	149.662771	4800
5928.177380	149.776821	4801
5929.175898	145.504069	4802
5930.230219	144.005967	4803
5931.227133	149.925212	4804
5932.261019	147.884786	4805
5933.265135	149.780632	4806
5934.303072	143.606973	4807
5935.317936	149.774058	4808
5936.322447	149.368274	4809
5937.327735	148.090167	4810
5938.358515	143.202156	4811
5939.371873	143.229946	4812
5940.387165	149.522651	4813
5941.415454	143.236895	4814
5942.419906	148.582323	4815
5943.426813	143.701025	4816
5944.427442	148.470351	4817
5945.467723	148.932503	4818
5946.499077	142.599754	4819
5947.524672	145.543149	4820
5948.521766	149.323186	4821
5949.534325	145.377703	4822
5950.551792	141.785781	4823
5951.553504	145.172834	4824
5952.581318	142.476139	4825
5953.623283	146.998469	4826
5954.626093	142.292825	4827
5955.630960	142.646408	4828
5956.647574	148.085805	4829
5957.655722	148.540370	4830
5958.708323	147.902649	4831
5959.698826	148.269995	4832
5960.732835	150.222777	4833
5961.717163	147.838092	4834
5962.754023	141.724709	4835
5963.774679	150.524713	4836
5964.788310	147.087774	4837
5965.815211	146.855988	4838
5966.821199	146.652261	4839
5967.836381	141.721202	4840
5968.870881	141.247073	4841
5969.855362	147.543073	4842
5970.874089	143.080262	4843
5971.915770	146.881268	4844
5972.923205	141.091064	4845
5973.941023	141.364128	4846
5974.962953	140.873889	4847
5975.976742	147.488230	4848
5976.990628	146.140343	4849
5978.013740	143.568197	4850
5979.023965	146.627406	4851
5980.048518	149.020187	4852
5981.054433	146.063621	4853
