time (s)	theta (A)	maj axis/z0	min axis/z0	crossing#mod 255
2640.833925	96.751045	1.725997	0.213852	49
2642.868939	96.795601	1.724251	0.212601	51
2644.903694	96.897644	1.719290	0.211560	53
2646.938700	96.711716	1.716134	0.210141	55
2648.973499	96.517204	1.719139	0.209222	57
2651.008066	96.725304	1.719257	0.207701	59
2653.041792	96.986313	1.713207	0.205243	61
2655.075490	97.351768	1.707506	0.202882	63
2657.109548	97.659622	1.702334	0.201661	65
2659.143532	98.043388	1.702450	0.200771	67
2661.177721	97.932030	1.703072	0.199299	69
2663.211898	98.103188	1.701163	0.197520	71
2665.246383	98.178368	1.699651	0.196025	73
2667.280737	98.293449	1.695631	0.194676	75
2669.315049	98.195267	1.694678	0.192174	77
2671.349194	98.408653	1.688321	0.190089	79
2673.383771	98.433273	1.687023	0.188935	81
2675.418126	98.467003	1.682541	0.187734	83
2677.452467	98.566750	1.679111	0.185914	85
2679.487264	98.519203	1.677216	0.184406	87
2681.521944	98.552742	1.681186	0.182867	89
2683.556945	98.426979	1.675129	0.180959	91
2685.591827	98.363373	1.672012	0.178360	93
2687.626202	98.337433	1.666386	0.177507	95
2689.660411	98.403008	1.667622	0.175156	97
2691.694257	98.736809	1.662149	0.173544	99
2693.728581	98.987602	1.664142	0.173044	101
2695.762512	99.088959	1.666091	0.172302	103
2697.796495	99.162682	1.665243	0.170695	105
2699.830414	99.339951	1.660808	0.168589	107
2701.864467	99.340256	1.657505	0.166626	109
2703.898516	99.539268	1.658094	0.165697	111
2705.932930	99.521935	1.653191	0.164504	113
2707.967396	99.762589	1.651011	0.163662	115
2710.001677	99.736847	1.647000	0.161614	117
2712.036216	99.695000	1.643585	0.160490	119
2714.070918	99.695343	1.640268	0.158509	121
2716.105338	99.613747	1.639745	0.157544	123
2718.139986	99.692451	1.635834	0.155809	125
2720.174616	99.580742	1.628568	0.154363	127
2722.208629	99.599937	1.629432	0.153271	129
2724.243005	99.656166	1.629586	0.151748	131
2726.276923	100.041740	1.631012	0.150394	133
2728.311067	100.312622	1.624615	0.148979	135
2730.344484	100.449600	1.617847	0.146961	137
2732.378195	100.589600	1.608583	0.145820	139
2734.412297	100.711334	1.610346	0.144888	141
2736.446406	100.722183	1.608333	0.144227	143
2738.480420	100.877167	1.611706	0.143536	145
2740.514735	100.742004	1.606640	0.141889	147
2742.549186	100.819122	1.601502	0.140215	149
2744.583197	100.906471	1.597117	0.138375	151
2746.617505	100.988243	1.593174	0.136832	153
2748.651919	100.996727	1.587988	0.135237	155
2750.686518	100.944191	1.589466	0.134281	157
2752.720999	101.037773	1.592350	0.132581	159
2754.755913	100.890533	1.588796	0.131845	161
2756.790383	100.723900	1.588230	0.130635	163
2758.824529	100.817558	1.589705	0.128754	165
2760.858682	100.851997	1.577623	0.128262	167
2762.892515	101.000664	1.577777	0.126744	169
2764.926239	101.212234	1.574874	0.125255	171
2766.960499	101.255661	1.566434	0.122279	173
2768.994389	101.360001	1.570051	0.121160	175
2771.028427	101.529228	1.569450	0.119959	177
2773.062382	101.529472	1.564766	0.118330	179
2775.096845	101.622017	1.559779	0.116935	181
2777.130691	101.575089	1.557119	0.115440	183
2779.165008	101.723160	1.557990	0.114296	185
2781.199358	101.661865	1.554006	0.113368	187
2783.233872	101.614723	1.547830	0.112966	189
2785.268578	101.493851	1.547371	0.112219	191
2787.302716	101.398773	1.548708	0.110751	193
2789.337021	101.481712	1.544400	0.109060	195
2791.371586	101.425713	1.540054	0.108433	197
2793.405593	101.527534	1.535287	0.106870	199
2795.439433	101.795120	1.541174	0.106316	201
2797.473170	101.919846	1.535290	0.105556	203
2799.506774	102.086075	1.537506	0.104586	205
2801.540844	102.276558	1.534154	0.103498	207
2803.574502	102.338562	1.525587	0.102447	209
2805.608588	102.304916	1.529876	0.101890	211
2807.642566	102.315559	1.522716	0.100264	213
2809.676746	102.386429	1.517860	0.099348	215
2811.710759	102.388557	1.517500	0.098072	217
2813.744955	102.389870	1.517067	0.096573	219
2815.779332	102.459129	1.513231	0.095948	221
2817.813692	102.478447	1.508465	0.094633	223
2819.848137	102.370247	1.509718	0.093764	225
2821.882554	102.372330	1.509179	0.092086	227
2823.916675	102.338432	1.502331	0.090902	229
2825.950862	102.234642	1.502800	0.089828	231
2827.985213	102.295128	1.495897	0.088874	233
2830.019026	102.349533	1.491335	0.088557	235
2832.052777	102.375069	1.490729	0.087657	237
2834.086705	102.433838	1.483305	0.086849	239
2836.120692	102.612099	1.487576	0.086067	241
2838.154542	102.626625	1.481912	0.085115	243
2840.188470	102.758781	1.483939	0.084503	245
2842.222435	102.739120	1.475015	0.083725	247
2844.256352	102.752335	1.474868	0.083634	249
2846.290296	102.810349	1.475154	0.082953	251
2848.324620	102.747787	1.473153	0.082242	253
2850.358334	102.768524	1.472264	0.082221	255
2852.392487	102.740501	1.469352	0.081068	1
2854.426819	102.719177	1.469279	0.078527	3
2856.460688	102.671883	1.462151	0.076960	5
2858.494728	102.602386	1.461209	0.075344	7
2860.529002	102.695786	1.462582	0.074418	9
2862.562509	102.723297	1.455655	0.073916	11
2864.596532	102.855537	1.462866	0.073315	13
2866.630298	102.939034	1.452885	0.072530	15
2868.664066	103.027313	1.456289	0.071841	17
2870.697730	103.153786	1.450125	0.071369	19
2872.731397	103.192253	1.444626	0.070917	21
2874.764738	103.351120	1.446579	0.070073	23
2876.798972	103.318054	1.440112	0.069342	25
2878.832927	103.333939	1.442040	0.068611	27
2880.866803	103.439484	1.439643	0.067781	29
2882.900952	103.331955	1.437445	0.066866	31
2884.935166	103.404381	1.436139	0.066255	33
2886.969230	103.339836	1.436036	0.065704	35
2889.003631	103.330940	1.435520	0.064525	37
2891.038069	103.329292	1.428511	0.063601	39
2893.071902	103.262184	1.430873	0.063245	41
2895.106010	103.323608	1.422319	0.062475	43
2897.139830	103.251633	1.422656	0.062012	45
2899.173964	103.315453	1.420042	0.061336	47
2901.207684	103.374825	1.416751	0.060566	49
2903.241705	103.447845	1.419031	0.060219	51
2905.275138	103.498199	1.416229	0.059598	53
2907.308830	103.532303	1.410497	0.058595	55
2909.342863	103.545700	1.412021	0.058108	57
2911.376706	103.590599	1.411421	0.057287	59
2913.410347	103.549896	1.403972	0.056073	61
2915.444333	103.521317	1.407968	0.055206	63
2917.478127	103.581284	1.404506	0.053837	65
2919.512155	103.566673	1.400488	0.052959	67
2921.546126	103.546883	1.400181	0.051545	69
2923.580376	103.538727	1.401574	0.050205	71
2925.614484	103.519936	1.397507	0.049017	73
2927.648564	103.515388	1.394448	0.048388	75
2929.682283	103.537590	1.394752	0.047076	77
2931.716123	103.609352	1.396318	0.046584	79
2933.749710	103.726830	1.392052	0.046304	81
2935.783454	103.775932	1.388681	0.045388	83
2937.816991	103.874413	1.384289	0.044793	85
2939.850656	103.904022	1.381239	0.043332	87
2941.884152	103.963638	1.376143	0.041675	89
2943.918171	104.033287	1.372899	0.039756	91
2945.951730	104.040031	1.372388	0.038792	93
2947.985593	104.097237	1.368990	0.038009	95
2950.019332	104.132248	1.363565	0.036784	97
2952.053435	104.155472	1.366091	0.035960	99
2954.087522	104.087410	1.369497	0.035531	101
2956.121385	104.111694	1.368381	0.034973	103
2958.155613	104.035873	1.365508	0.034202	105
2960.189689	103.973190	1.364251	0.033612	107
2962.223747	103.886948	1.362312	0.032856	109
2964.257756	103.867889	1.359512	0.031920	111
2966.291835	103.863808	1.355488	0.030665	113
2968.325400	103.894623	1.351449	0.029509	115
2970.359471	103.947792	1.350757	0.028921	117
2972.393055	103.958443	1.348848	0.028708	119
2974.426914	103.933670	1.349390	0.027473	121
2976.460594	103.963844	1.345408	0.026267	123
2978.494456	103.944992	1.341777	0.025274	125
2980.527876	103.980042	1.340234	0.024628	127
2982.561772	103.916435	1.339511	0.024055	129
2984.595797	103.950531	1.339015	0.023417	131
2986.629658	103.860909	1.334761	0.022532	133
